数学题答案
============================================================

  1. 96
  2. 56
  3. 33
  4. 60
  5. 94
  6. 45
  7. 70
  8. 68
  9. 44
 10. 76

 11. 90
 12. 52
 13. 98
 14. 84
 15. 46
 16. 62
 17. 81
 18. 22
 19. 100
 20. 52

 21. 88
 22. 76
 23. 20
 24. 88
 25. 72
 26. 22
 27. 88
 28. 75
 29. 34
 30. 72

 31. 48
 32. 95
 33. 75
 34. 8
 35. 7
 36. 4
 37. 10
 38. 10
 39. 7
 40. 10

 41. 5
 42. 7
 43. 10
 44. 9
 45. 6
 46. 7
 47. 7
 48. 6
 49. 2
 50. 4

 51. 6
 52. 8
 53. 9
 54. 7
 55. 8
 56. 7
 57. 8
 58. 5
 59. 8
 60. 6

 61. 5
 62. 10
 63. 8
 64. 4
 65. 9
 66. 10
 67. 40
 68. 83
 69. 18
 70. 57

 71. 71
 72. 42
 73. 91
 74. 88
 75. 16
 76. 27
 77. 68
 78. 4
 79. 46
 80. 2

 81. 87
 82. 9
 83. 18
 84. 70
 85. 28
 86. 65
 87. 98
 88. 21
 89. 5
 90. 27

 91. 34
 92. 91
 93. 96
 94. 29
