改进版数学题答案
============================================================

  1. 7
  2. 19
  3. 30
  4. 45
  5. 64
  6. 31
  7. 73
  8. 29
  9. 86
 10. 26

 11. 19
 12. 3
 13. 65
 14. 39
 15. 14
 16. 67
 17. 60
 18. 21
 19. 45
 20. 26

 21. 30
 22. 62
 23. 12
 24. 16
 25. 49
 26. 19
 27. 11
 28. 10
 29. 47
 30. 34

 31. 90
 32. 16
 33. 9
 34. 11
 35. 8
 36. 23
 37. 73
 38. 60
 39. 10
 40. 49

 41. 41
 42. 55
 43. 31
 44. 73
 45. 27
 46. 7
 47. 35
 48. 8
 49. 37
 50. 49

 51. 97
 52. 24
 53. 77
 54. 39
 55. 23
 56. 86
 57. 89
 58. 79
 59. 23
 60. 10

 61. 5
 62. 47
 63. 58
 64. 44
 65. 65
 66. 33
 67. 65
 68. 74
 69. 17
 70. 62

 71. 14
 72. 20
 73. 9
 74. 34
 75. 22
 76. 67
 77. 80
 78. 100
 79. 6
 80. 6

 81. 38
 82. 88
 83. 55
 84. 7
 85. 44
 86. 7
 87. 45
 88. 47
 89. 23
 90. 57

 91. 23
 92. 84
 93. 68
 94. 98
 95. 9
 96. 14
 97. 5
 98. 84
 99. 68
100. 54

