数学四则混合运算题答案（100题）
============================================================

  1. 13
  2. 69
  3. 92
  4. 55
  5. 71
  6. 80
  7. 69
  8. 17
  9. 3
 10. 96

 11. 5
 12. 59
 13. 79
 14. 45
 15. 11
 16. 48
 17. 32
 18. 22
 19. 52
 20. 31

 21. 29
 22. 28
 23. 14
 24. 60
 25. 4
 26. 31
 27. 29
 28. 85
 29. 15
 30. 24

 31. 46
 32. 46
 33. 78
 34. 69
 35. 72
 36. 19
 37. 67
 38. 59
 39. 55
 40. 26

 41. 63
 42. 100
 43. 93
 44. 81
 45. 43
 46. 1
 47. 20
 48. 96
 49. 68
 50. 94

 51. 80
 52. 26
 53. 60
 54. 14
 55. 97
 56. 70
 57. 59
 58. 61
 59. 15
 60. 27

 61. 70
 62. 49
 63. 16
 64. 26
 65. 90
 66. 9
 67. 47
 68. 24
 69. 64
 70. 2

 71. 45
 72. 82
 73. 39
 74. 13
 75. 48
 76. 9
 77. 2
 78. 36
 79. 34
 80. 86

 81. 41
 82. 82
 83. 53
 84. 11
 85. 94
 86. 44
 87. 52
 88. 29
 89. 24
 90. 96

 91. 63
 92. 23
 93. 4
 94. 5
 95. 41
 96. 35
 97. 55
 98. 22
 99. 63
100. 98

