数学四则混合运算题答案（100题）
==================================================

  1. -64
  2. 39
  3. -80
  4. 7
  5. 7
  6. 32
  7. 31
  8. 66
  9. 0
 10. -68

 11. 45
 12. 69
 13. 7
 14. 76
 15. -73
 16. -79
 17. -9
 18. 65
 19. 49
 20. 62

 21. -97
 22. 34
 23. 27
 24. 35
 25. 8
 26. 84
 27. 14
 28. 38
 29. 14
 30. -5

 31. 6
 32. -33
 33. 8
 34. 100
 35. 38
 36. 96
 37. 56
 38. 11
 39. -48
 40. 0

 41. 94
 42. 4
 43. -18
 44. -31
 45. -96
 46. -6
 47. 28
 48. 11
 49. -50
 50. 96

 51. -63
 52. 57
 53. 14
 54. 44
 55. 39
 56. 84
 57. 2
 58. 90
 59. 79
 60. -25

 61. 29
 62. 30
 63. -40
 64. 66
 65. -9
 66. 85
 67. 21
 68. 38
 69. -12
 70. -33

 71. 3
 72. -6
 73. 70
 74. 41
 75. -59
 76. 90
 77. 77
 78. 50
 79. 28
 80. 17

 81. -23
 82. -4
 83. 19
 84. 7
 85. -45
 86. -14
 87. 50
 88. 82
 89. 69
 90. -12

 91. 76
 92. -59
 93. 52
 94. -28
 95. 93
 96. -4
 97. 79
 98. -29
 99. -24
100. 48

